
0.097233
0.050561
0.034617
0.026725
0.021510
0.027838
0.016328
0.025743
0.025105
0.019592
0.011184
0.019826
0.013875
0.010122
0.019555
0.009231
0.017947
0.009866
0.014744
0.015991
0.008893
0.015358
0.011178
0.012197
0.016456
0.010176
0.017489
0.015257
0.052042
0.031425
0.036783
0.018061
0.024946
0.013684
0.013784
0.010949
0.011690
0.011787
0.009707
0.012172
0.009262
0.009070
0.007661
0.007135
0.016293
0.007023
0.005990
0.007353
0.017166
0.006402
0.006302
0.013348
0.007246
0.030657
0.043008
0.017527
