0.079312
0.080762
0.095717
0.096355
0.095278
0.096570
0.096299
0.096660
0.095317
0.095534
0.062028
0.058528
0.054468
0.063942
0.051685
0.055795
0.058459
0.057828
0.059613
0.058054
0.040137
0.040742
0.041428
0.040781
0.036935
0.038304
0.038048
0.037774
0.037386
0.038787
0.029699
0.028561
0.030157
0.027952
0.030138
0.027534
0.028534
0.028384
0.028302
0.027734
0.027801
0.028406
0.027494
0.026852
0.026543
0.024694
0.025048
0.026171
0.024538
0.025147
0.038479
0.036373
0.038469
0.036480
0.037563
0.036584
0.037057
0.037126
0.036606
0.037122
0.018644
0.018096
0.019438
0.018420
0.018018
0.018280
0.018147
0.018464
0.017816
0.018625
0.015221
0.016299
0.016258
0.015148
0.016358
0.015897
0.015899
0.017192
0.029270
0.018321
0.040316
0.027451
0.019157
0.015223
0.021267
0.031652
0.022200
0.035073
0.016139
0.034532
0.012532
0.013956
0.013581
0.013610
0.013922
0.020153
0.015518
0.015860
0.014046
0.013660
0.021175
0.016665
0.015935
0.016182
0.014040
0.014335
0.015589
0.020355
0.014233
0.013078
0.015917
0.016094
0.011745
0.011949
0.012133
0.013040
0.013215
0.012374
0.012075
0.012259
0.012576
0.014905
0.013321
0.013129
0.013167
0.016655
0.012397
0.011563
0.015479
0.010304
0.015490
0.014423
0.010980
0.014546
0.011230
0.013357
0.012664
0.011153
0.014615
0.011926
0.014507
0.015630
0.016349
0.013620
0.009302
0.014483
0.021920
0.010272
0.013329
0.009775
0.010961
0.010164
0.011209
0.009828
0.009553
0.010086
0.009606
0.011498
0.015457
0.013173
0.009792
0.012344
0.014158
0.009179
0.010380
0.010449
0.009011
0.010123
0.011015
0.009910
0.012599
0.010119
0.010026
0.011129
0.010825
0.010193
0.009826
0.011387
0.012565
0.015895
0.008562
0.008868
0.009227
0.011685
0.011949
0.009559
0.010555
0.009213
0.008675
0.009717
0.009628
0.010450
0.012308
0.011874
0.010013
0.009669
0.009390
0.010221
0.009211
0.012404
0.009817
0.009589
0.011505
0.011463
0.013281
0.012345
0.008630
0.009747
0.009461
0.010254
0.013533
0.009188
0.010905
0.011245
0.008986
0.011764
0.011495
0.010543
0.008760
0.009286
0.008761
0.010140
0.008882
0.011979
0.007479
0.010116
0.008462
0.009204
0.008986
0.008975
0.011264
0.009602
0.008987
0.010732
0.008640
0.008441
0.008650
0.010042
0.009929
0.008799
0.008195
0.010178
0.008657
0.010529
0.010435
0.009194
0.007890
0.009665
0.009268
0.008903
0.008322
0.008089
0.008538
0.008045
0.007394
0.011381
0.009662
0.008906
0.008763
0.008794
0.008914
0.007365
0.008600
0.008050
0.007803
0.010611
0.012527
0.008791
0.009699
0.009034
0.009048
0.007130
0.010821
0.008552
0.008754
0.008853
0.008760
0.009180
0.008373
0.008889
0.007172
0.007780
0.007872
0.009103
0.008997
0.007887
0.009070
0.008750
0.008433
0.011578
0.008518
0.008112
0.008426
0.010545
0.007527
0.008476
0.009212
0.007035
0.007193
0.007400
0.007643
0.008159
0.007053
0.008585
0.008609
0.008039
0.008268
0.008894
0.007335
0.007567
0.008671
0.008795
0.007159
0.008688
0.007049
0.007611
0.007691
0.007240
0.007890
0.007333
0.031269
0.011364
0.021057
0.016831
0.012521
0.009919
0.015299
0.018934
0.007420
0.006684
0.007369
0.015427
0.015709
0.011366
0.008038
0.008281
0.018626
0.013670
0.017908
0.014859
0.008001
0.006539
0.020779
0.013962
0.006024
0.007283
0.013610
0.007200
0.007131
0.009358
0.008319
0.006274
0.007005
0.007025
0.013618
0.015792
0.011054
0.012796
0.016047
0.008431
0.011228
0.006885
0.005334
0.038242
0.021030
0.011372
0.007785
0.008973
0.007149
0.005585
0.013667
0.008414
0.015961
0.009379
0.008642
0.010576
0.006824
0.013466
0.049492
0.013837
0.009928
0.007393
0.018094
0.012166
0.010526
0.007076
0.008507
0.040611
0.007103
0.007947
0.010482
0.019442
0.041758
0.006254
0.019763
0.005771
0.015516
0.006514
0.014095
0.006160
0.011079
0.022378
0.006103
0.006008
0.014273
0.006166
0.009621
0.007673
0.007053
0.012989
0.007146
0.011167
0.019347
0.008417
0.005899
0.007724
0.006023
0.018965
0.014913
0.025968
0.048160
0.013590
0.014021
0.007794
0.007512
0.048000
0.026070
0.009923
0.010241
0.037710
0.015739
0.006021
0.009952
0.020605
0.007009
0.006846
0.014349
0.008834
0.020630
0.029851
0.011376
0.015071
0.012348
0.017806
0.050119
0.021633
0.015917
0.032245
0.016377
0.023000
0.067029
0.013780
0.007102
0.054713
0.020656
0.021773
0.018477
0.054787
0.016229
0.012032
0.015955
0.039418
0.006366
0.006270
0.011923
0.006599
0.019189
0.022481
0.023333
0.013619
0.005989
0.009203
0.007204
0.051175
0.056805
0.006295
0.020824
0.047170
0.050386
0.006876
0.014183
0.022898
0.014958
0.012297
0.024115
0.008694
0.022922
0.027523
0.034587
0.049874
0.013944
0.012152
0.007542
0.026770
0.010950
0.013221
0.011687
0.049539
0.012695
0.007416
0.033667
0.009223
0.017640
0.011119
0.022953
0.014522
0.006886
0.011960
0.012342
0.019940
0.007027
0.015030
0.006849
0.022862
0.018836
0.033259
0.029109
0.049310
0.049577
0.016819
0.045957
0.015320
0.044312
0.012312
0.022238
0.056179
0.044895
0.012053
0.015336
0.019570
0.051224
0.019807
0.019752
0.037644
0.019396
0.044203
0.041364
0.016809
0.016009
0.037615
0.063186
0.036171
0.044183
0.019765
0.015423
0.017617
0.049783
0.044676
0.014437
0.009463
0.056784
0.025526
0.027888
0.043474
0.048326
0.043501
0.015877
0.046086
0.047978
0.021785
