11.094175
11.167241
11.187465
11.157505
11.124612
11.124612
11.124612
11.124612
11.124612
11.124612
5.949799
5.682290
5.695884
5.717908
5.697565
6.177632
6.150597
6.150597
6.150597
6.150597
4.053576
3.990126
4.074013
3.721172
3.730732
3.742006
4.042700
4.003130
4.020890
4.020890
3.045624
3.065252
3.045131
3.026088
3.101970
3.155258
3.065033
3.053234
3.317084
3.051488
2.688738
2.670865
2.785660
2.543601
2.570225
2.792825
2.564011
2.459772
2.436693
2.458200
2.110170
2.209452
2.205730
2.193875
2.154113
2.181033
2.374152
2.221881
2.378051
2.286820
1.929232
2.137433
1.949153
1.964381
2.098672
2.101017
2.053064
2.149395
2.078676
2.085076
1.716109
1.739649
1.744666
1.734915
1.756389
1.786272
1.737070
1.834492
1.762098
1.851035
1.747322
1.697840
1.702564
1.723077
1.677069
1.715517
1.721531
1.702915
1.729091
1.737427
1.582889
1.580502
1.631445
1.619489
1.563073
1.543968
1.548657
1.562606
1.557064
1.539336
1.544290
1.545926
1.550114
1.541682
1.544717
1.545323
1.568554
1.615348
1.584501
1.543816
1.430920
1.425496
1.424430
1.473060
1.434800
1.468541
1.450399
1.442491
1.417730
1.409250
1.483645
1.499067
1.464213
1.452459
1.492015
1.450111
1.453161
1.461521
1.468703
1.457504
1.528829
1.400500
1.361954
1.339819
1.310789
1.492132
1.339280
1.349837
1.356732
1.353225
1.390755
1.382721
1.412670
1.336598
1.395873
1.397487
1.395574
1.398187
1.390932
1.397332
1.365124
1.340472
1.288799
1.221966
1.504317
1.242766
1.303652
1.322719
1.330820
1.331084
1.380411
1.494359
1.403125
1.446241
1.404743
1.361137
1.404327
1.361932
1.396733
1.370172
1.200086
1.352651
1.391613
1.344944
1.305263
1.290030
1.406015
1.414788
1.330397
1.183625
1.351751
1.332957
1.348667
1.351950
1.332709
1.298826
1.336342
1.343050
1.345863
1.342316
1.278880
1.416056
1.268825
1.272341
1.372393
1.268307
1.365147
1.285455
1.304251
1.322357
1.291499
1.291375
1.267758
1.244443
1.246967
1.239202
1.289155
1.257814
1.238517
1.309447
1.195357
1.341725
1.266683
1.362562
1.289308
1.286069
1.279866
1.289025
1.281506
1.261353
1.353450
1.329163
1.350936
1.325807
1.345958
1.345460
1.333432
1.264552
1.330161
1.327659
1.281862
1.286021
1.277248
1.212283
1.233608
1.261662
1.280242
1.222399
1.273519
1.264905
1.173478
1.187428
1.428563
1.166176
1.328825
1.404272
1.181802
1.211262
1.185402
1.317433
1.254696
1.285842
1.208401
1.289002
1.278133
1.298924
1.209073
1.204058
1.526878
1.217805
1.279147
1.197038
1.197290
1.249045
1.219442
1.267312
1.195965
1.216202
1.446321
1.336063
1.224612
1.622835
1.203377
1.194141
1.395799
1.311869
1.254446
1.202214
1.110633
1.312535
1.313064
1.231262
1.133697
1.117839
1.223228
1.142225
1.333692
0.997038
1.109300
1.301306
1.110701
0.922594
1.314603
1.147043
1.155534
1.406153
1.364005
1.038013
1.360364
1.162884
1.129245
1.122889
1.101712
1.057665
1.057840
1.242006
1.148351
1.124749
1.015962
0.976063
1.021014
1.327838
1.117586
1.506766
1.264877
1.390836
1.358468
0.990590
0.899233
1.446508
1.098061
1.382602
1.111684
1.058689
1.062661
1.103136
1.017119
1.205967
1.039067
1.167415
1.425161
0.987211
0.987096
1.096717
1.026792
1.573072
1.266380
1.079777
0.937152
0.960691
1.470224
1.133862
0.939046
1.156721
1.085435
1.110875
1.356610
1.074200
1.255404
1.224478
1.389902
1.167414
1.066938
0.977034
1.156635
0.991423
1.000537
0.993785
0.992112
1.318958
1.093493
0.957661
0.981999
1.259820
1.019121
1.037908
0.976462
0.967501
1.392559
1.166751
1.379501
0.911043
1.202982
0.994412
1.025629
1.000403
0.999055
0.979370
0.893765
1.107399
0.963259
1.009635
0.963775
1.241899
0.962920
1.027639
1.153844
1.015833
1.037261
1.108634
1.193424
0.992156
0.921132
1.007469
1.159115
1.150825
0.944857
1.005442
1.324608
1.259344
1.245140
1.056428
1.240327
1.118070
1.218634
0.897436
1.178458
0.970288
1.031986
0.887703
0.974482
0.856400
0.859266
1.202661
1.334837
1.062337
0.842224
1.097305
0.985045
1.100015
0.989295
1.001736
0.990000
1.068422
0.916022
1.050124
0.894842
1.198764
0.899877
0.990044
0.921261
0.886431
0.901117
1.073328
0.889796
1.128187
0.890296
1.165187
0.847944
0.796470
1.029422
0.869860
1.217113
0.947670
0.886024
1.053347
0.892601
1.256848
0.848239
1.068849
1.199547
0.928840
0.884490
1.034828
1.025020
0.969492
0.909830
0.906196
1.040008
0.865469
0.864465
0.881777
0.928946
0.843207
1.039091
0.893478
0.876205
0.964851
0.816016
0.884270
0.914261
0.855331
0.949690
0.835400
0.946729
0.827068
0.964420
0.826909
0.853265
0.855221
0.844080
0.879184
0.887089
0.920103
0.867090
1.237548
0.901680
0.843838
0.898319
0.852934
0.945395
0.822529
0.886787
0.904375
0.871224
1.110107
0.883843
0.879436
0.964118
0.948140
0.937944
0.863628
0.835916
0.911390
0.880540
0.841461
0.894716
0.827874
0.863151
0.872282
0.812933
0.801083
0.903208
0.801264
0.859002
0.872201
0.827098
0.856273
0.838739
0.886526
0.917955
0.792895
0.864814
0.807258
0.867884
0.837829
0.860394
0.843722
0.845658
0.850450
1.299029
0.819402
0.819835
0.846611
0.985125
0.881403
0.933968
0.812213
0.833437
0.887550
0.833437
1.225541
0.803487
0.877419
0.821220
0.847259
0.886966
0.828496
0.835490
0.811418
1.107614
0.815586
0.809669
0.805204
0.806622
0.822917
0.794154
0.815118
0.840139
0.809427
