3.383227
2.987180
2.945609
2.986877
2.959523
2.939082
2.958055
2.965554
3.162948
2.976555
1.527220
1.539641
1.525413
1.499768
1.495738
1.503406
1.505914
1.511317
1.513105
1.508532
0.877668
0.866530
1.309520
0.874860
0.870097
0.870928
0.873041
0.869331
0.870530
0.875017
0.787069
0.830080
0.785877
0.790979
0.792044
0.798653
0.791647
0.816272
0.822375
0.805411
0.751834
0.649878
0.665962
0.680815
0.678247
0.677488
0.684009
0.671072
0.674629
0.670207
0.810988
0.579743
0.579209
0.573332
0.574435
0.608010
0.590527
0.582546
0.575530
0.578363
0.548265
0.514758
0.665850
0.519570
0.520401
0.510216
0.518361
0.521787
0.519916
0.521628
0.489768
0.466073
0.486657
0.468439
0.465887
0.460132
0.475952
0.476430
0.470375
0.458443
0.475152
0.396535
0.456521
0.402491
0.487587
0.465662
0.449472
0.416076
0.451120
0.449565
0.433235
0.419226
0.415954
0.412971
0.416152
0.400923
0.411390
0.421632
0.416418
0.421218
0.431599
0.418169
0.418803
0.412294
0.365348
0.399694
0.368907
0.409835
0.419429
0.414236
0.388072
0.385939
0.388675
0.381204
0.385244
0.382140
0.420645
0.419259
0.390113
0.444990
0.344955
0.385304
0.304548
0.413902
0.288278
0.384224
0.388285
0.349777
0.356909
0.342236
0.362970
0.364094
0.369109
0.356182
0.371405
0.371423
0.364271
0.364216
0.375458
0.372272
0.410660
0.352838
0.400963
0.337564
0.310308
0.352184
0.348619
0.346411
0.293396
0.326711
0.348538
0.354554
0.351074
0.346557
0.449862
0.359822
0.344237
0.350363
0.341132
0.346644
0.329927
0.345758
0.296558
0.308812
0.416035
0.371041
0.391850
0.376417
0.367491
0.365239
0.337188
0.342172
0.352593
0.338055
0.334664
0.342955
0.348715
0.339601
0.344851
0.342920
0.358015
0.415586
0.319158
0.325061
0.312162
0.312599
0.312592
0.313387
0.316056
0.316977
0.325859
0.334948
0.332185
0.331990
0.328827
0.334916
0.331177
0.387746
0.327462
0.383125
0.307713
0.309431
0.311610
0.311574
0.337530
0.310612
0.309997
0.306470
0.311258
0.318264
0.340299
0.317890
0.363088
0.335324
0.342744
0.286741
0.297525
0.324992
0.314570
0.328301
0.285139
0.339451
0.271306
0.393801
0.373335
0.262227
0.293503
0.411563
0.376961
0.423425
0.383531
0.311085
0.303022
0.354801
0.301832
0.352602
0.358198
0.327414
0.367732
0.362570
0.309154
0.339313
0.307719
0.310308
0.310589
0.276158
0.321844
0.332877
0.348370
0.316408
0.560267
0.341717
0.348759
0.263111
0.356619
0.327333
0.306447
0.332061
0.320150
0.332119
0.398243
0.335186
0.380051
0.339615
0.285570
0.275809
0.216285
0.286579
0.164875
0.229463
0.316702
0.319985
0.309735
0.311896
0.417339
0.288229
0.385222
0.373639
0.187251
0.132600
0.303441
0.467253
0.300582
0.382544
0.352082
0.355555
0.282182
0.383877
0.343927
0.306131
0.310467
0.423343
0.332503
0.369737
0.275517
0.308822
0.179116
0.260626
0.319452
0.415924
0.479489
0.381319
0.278753
0.234108
0.306358
0.304467
0.264612
0.266729
0.213027
0.234511
0.322760
0.248646
0.468817
0.356904
0.299665
0.302417
0.372285
0.282956
0.467865
0.358644
0.342338
0.300015
0.265292
0.231515
0.302071
0.352059
0.172905
0.263889
0.293680
0.254108
0.314351
0.364446
0.311057
0.264941
0.281295
0.174783
0.294692
0.201563
0.205904
0.150642
0.243588
0.231864
0.248599
0.261129
0.250107
0.255281
0.198022
0.231803
0.349702
0.242506
0.229281
0.348333
0.234857
0.263327
0.151631
0.258880
0.208026
0.387440
0.236062
0.136997
0.270795
0.278372
0.245503
0.340883
0.260845
0.343366
0.218932
0.187297
0.213691
0.211470
0.313212
0.277400
0.276112
0.202794
0.209481
0.230881
0.226801
0.140388
0.229625
0.234045
0.208803
0.257265
0.204979
0.229643
0.143995
0.192548
0.234049
0.182821
0.329809
0.393015
0.358347
0.230985
0.191559
0.260461
0.173592
0.197869
0.204414
0.226898
0.176334
0.205439
0.410983
0.225026
0.165818
0.190198
0.203858
0.170671
0.163422
0.254110
0.206371
0.157533
0.174123
0.149428
0.215750
0.176850
0.150675
0.176018
0.177263
0.224588
0.137666
0.238841
0.196105
0.136718
0.175392
0.164548
0.160914
0.200647
0.158735
0.164376
0.159954
0.172171
0.267360
0.162742
0.140521
0.149542
0.147797
0.159949
0.140109
0.176794
0.174929
0.156532
0.253393
0.165537
0.112075
0.155420
0.156124
0.226522
0.147134
0.181095
0.145577
0.164729
0.218058
0.139318
0.130621
0.160328
0.203432
0.155607
0.134432
0.142534
0.178654
0.140218
0.257445
0.146687
0.121159
0.170666
0.144452
0.174020
0.157891
0.160326
0.158214
0.240464
0.155208
0.126176
0.182893
0.140196
0.145815
0.148189
0.193759
0.157842
0.135247
0.139528
0.125585
0.108252
0.122911
0.111460
0.201517
0.122003
0.153472
0.122979
0.123931
0.154352
0.152460
0.118415
0.165009
0.106379
0.126300
0.149920
0.111183
0.132581
0.111957
0.150873
0.326260
0.139563
0.150324
0.159540
0.122930
0.110283
0.103952
0.130861
0.134602
0.126238
0.207138
0.108734
0.153643
0.110608
0.142125
0.139919
0.112615
0.153726
0.125528
0.147106
0.258431
0.123402
0.129208
0.123782
0.156467
0.129256
0.113976
0.154093
0.110507
0.161646
0.169735
0.109193
0.144345
0.123783
0.135241
0.131616
0.104484
0.109072
0.137345
0.125292
0.248918
0.107162
0.139432
0.122324
0.103668
0.101741
0.134610
0.103500
0.183298
0.105971
0.211660
0.110378
0.135179
0.107545
0.173851
0.114068
0.102728
0.180743
0.130187
0.128904
