3.059624
3.007611
3.399618
3.120212
3.077447
3.088543
3.072755
3.077143
3.048892
3.019694
1.529271
1.544306
1.538162
1.548473
1.525075
1.538450
1.517519
1.541047
1.505596
1.524354
1.113269
1.119467
1.113356
1.105634
1.109262
1.110564
1.107789
1.095065
1.152648
1.103383
0.799658
0.813493
0.849040
0.801324
0.804306
0.832178
0.485715
0.827452
0.792946
0.776170
0.705365
0.670117
0.727721
0.699902
0.700361
0.641939
0.639590
0.668341
0.652008
0.710804
0.578957
0.568551
0.574264
0.572042
0.581598
0.591426
0.635886
0.643538
0.611597
0.618470
0.542425
0.561179
0.554359
0.545472
0.542926
0.556557
0.547485
0.638199
0.569536
0.549455
0.484217
0.488300
0.487820
0.498224
0.492039
0.491528
0.499336
0.501444
0.481111
0.474362
0.473386
0.466898
0.480748
0.484615
0.452213
0.469548
0.483889
0.474686
0.468280
0.472445
0.434421
0.433152
0.426719
0.435053
0.425612
0.426628
0.428128
0.433700
0.432518
0.451851
0.445195
0.441386
0.430308
0.426781
0.399516
0.430414
0.439852
0.426835
0.435910
0.396937
0.401671
0.390383
0.397964
0.404669
0.390372
0.407003
0.402872
0.379824
0.388808
0.349687
0.363520
0.421806
0.405584
0.348792
0.350215
0.406526
0.361620
0.403798
0.349360
0.353722
0.385216
0.376626
0.337452
0.375927
0.347163
0.395014
0.384363
0.388571
0.384504
0.388534
0.402768
0.399735
0.406002
0.401510
0.400638
0.401487
0.401433
0.358729
0.402793
0.398288
0.376480
0.381753
0.375670
0.379242
0.377690
0.375744
0.379262
0.381630
0.380809
0.377884
0.391713
0.390558
0.386342
0.350349
0.389211
0.390452
0.394330
0.393535
0.390828
0.385005
0.350055
0.325822
0.389219
0.364782
0.360842
0.372276
0.316291
0.382222
0.373262
0.366166
0.382447
0.384340
0.386399
0.385561
0.383334
0.385230
0.382762
0.383327
0.313443
0.537947
0.352720
0.360446
0.329076
0.446317
0.409984
0.406556
0.307300
0.310402
0.322333
0.361675
0.383880
0.388397
0.344579
0.384421
0.387266
0.382879
0.340306
0.688204
0.592464
0.474065
0.336900
0.429537
0.461745
0.414295
0.303203
0.265754
0.343014
0.647284
0.454067
0.359554
0.360031
0.322075
0.283370
0.318123
0.317427
0.315839
0.315512
0.307521
0.310991
0.312305
0.328979
0.331155
0.373942
0.311090
0.318979
0.306055
0.200265
0.332821
0.332806
0.332215
0.316702
0.317633
0.314838
0.315707
0.212130
0.391872
0.362643
0.315136
0.332970
0.310653
0.323861
0.338989
0.392258
0.363669
0.262225
0.244680
0.344952
0.403348
0.286600
0.293459
0.308946
0.314267
0.288608
0.277276
0.293764
0.331168
0.298912
0.296586
0.373069
0.310533
0.335167
0.404741
0.301100
0.338027
0.325093
0.386818
0.332700
0.306325
0.299580
0.302675
0.214587
0.304116
0.290918
0.318243
0.294476
0.351720
0.296818
0.242724
0.302537
0.327510
0.293562
0.181168
0.340659
0.321547
0.270753
0.236113
0.280256
0.281808
0.244535
0.241851
0.251903
0.292178
0.264446
0.262070
0.304059
0.288454
0.178848
0.279623
0.248743
0.191689
0.228579
0.238476
0.323975
0.206716
0.206229
0.224961
0.175088
0.331263
0.284133
0.237865
0.234790
0.166123
0.251767
0.249447
0.191543
0.202952
0.350935
0.191045
0.191967
0.268893
0.179548
0.265732
0.234062
0.231964
0.152680
0.177672
0.320576
0.188532
0.214809
0.293322
0.258180
0.264986
0.262556
0.156322
0.239951
0.313994
0.163565
0.255815
0.236136
0.240270
0.236037
0.231637
0.176387
0.228038
0.222953
0.203128
0.178509
0.184386
0.172402
0.220341
0.149169
0.227914
0.199482
0.153933
0.160305
0.248651
0.189110
0.212090
0.181781
0.172342
0.192037
0.161762
0.223714
0.160268
0.156095
0.181926
0.154798
0.178353
0.232280
0.208006
0.246317
0.192278
0.142373
0.147774
0.250414
0.239502
0.204543
0.199345
0.211211
0.182530
0.164008
0.150767
0.127303
0.131272
0.235170
0.191406
0.105542
0.165686
0.179944
0.160796
0.166990
0.131916
0.281586
0.132950
0.125164
0.196809
0.160237
0.193443
0.262976
0.208559
0.228973
0.258160
0.191063
0.175547
0.164287
0.188679
0.133009
0.122879
0.129166
0.130340
0.172758
0.179758
0.143875
0.123006
0.141523
0.237495
0.142325
0.125819
0.153797
0.122559
0.125746
0.110835
0.169503
0.143763
0.137845
0.125744
0.166930
0.146820
0.152875
0.165708
0.141924
0.126088
0.151594
0.142197
0.151467
0.109556
0.120708
0.182302
0.143398
0.136084
0.127293
0.150521
0.115793
0.156569
0.230108
0.150008
0.139304
0.210479
0.197258
0.148647
0.187337
0.159197
0.125517
0.142573
0.163771
0.165112
0.154659
0.131250
0.151108
0.195292
0.114307
0.166675
0.106052
0.115540
0.146629
0.150503
0.134108
0.161271
0.125081
0.156746
0.168838
0.153749
0.171907
0.176846
0.171313
0.158688
0.169546
0.195329
0.164451
0.192000
0.157704
0.168001
0.194686
0.210027
0.160156
0.165670
0.162811
0.146226
0.165950
0.152860
0.222750
0.218719
0.203901
0.187407
0.169552
0.167973
0.184574
0.179201
0.163671
0.185898
0.189705
0.169024
0.160902
0.246519
0.208049
0.182390
0.195471
0.167963
0.217881
0.184848
0.219558
0.183564
0.207059
0.215043
0.150667
0.185986
0.199727
0.142294
0.178192
0.409328
0.260212
0.218988
0.237334
0.206519
0.188318
0.197070
0.199111
0.179684
0.184401
0.195621
0.166100
0.194671
0.194206
0.183867
0.179675
0.225942
0.162447
0.277130
0.210030
0.221458
0.176770
0.192376
0.217196
0.256816
0.198234
0.151704
0.180679
0.196212
0.186462
0.274272
