0.096468
0.095608
0.096257
0.095986
0.096399
0.095115
0.096433
0.095211
0.096509
0.096032
0.098669
0.100657
0.100884
0.099216
0.102976
0.100829
0.099910
0.099971
0.100398
0.099985
0.069240
0.067371
0.067150
0.068641
0.069214
0.069067
0.048713
0.068054
0.049932
0.067760
0.051696
0.051970
0.033067
0.052935
0.052006
0.053361
0.052226
0.050252
0.052084
0.043975
0.043691
0.044075
0.042001
0.043068
0.043133
0.043258
0.042338
0.025753
0.042592
0.025342
0.035067
0.034570
0.034254
0.037607
0.035932
0.023575
0.037454
0.036300
0.036305
0.037782
0.032014
0.031579
0.031917
0.032861
0.020713
0.032481
0.019540
0.032415
0.032265
0.029397
0.028003
0.028257
0.029650
0.029446
0.028433
0.029014
0.028784
0.028233
0.027093
0.019076
0.025068
0.024804
0.024753
0.025478
0.025549
0.025299
0.017760
0.025769
0.023980
0.025137
0.023753
0.023608
0.024712
0.023486
0.024366
0.023707
0.024364
0.023453
0.024114
0.024588
0.022200
0.022009
0.023062
0.021633
0.022018
0.021882
0.021930
0.024920
0.021502
0.021549
0.020273
0.020184
0.021177
0.020144
0.020043
0.020712
0.020113
0.021787
0.019480
0.019609
0.020635
0.019643
0.018887
0.018933
0.019830
0.019596
0.019457
0.020608
0.019429
0.018829
0.018199
0.017857
0.018058
0.016634
0.017503
0.016634
0.018057
0.017912
0.017689
0.018410
0.016829
0.017279
0.017910
0.017524
0.017320
0.017742
0.016991
0.017515
0.017530
0.017246
0.014252
0.014940
0.014844
0.014067
0.015099
0.015516
0.016818
0.017074
0.016802
0.015551
0.014849
0.013758
0.013735
0.015487
0.015294
0.016157
0.014887
0.014277
0.013838
0.015690
0.015695
0.015005
0.014981
0.014923
0.015021
0.015543
0.015025
0.014966
0.014897
0.014904
0.014696
0.015354
0.015136
0.014576
0.015237
0.015204
0.014478
0.014504
0.014583
0.014557
0.015805
0.014620
0.014039
0.013715
0.013348
0.012781
0.013590
0.013447
0.013382
0.014726
0.013674
0.014160
0.014226
0.013470
0.013517
0.013722
0.014168
0.014182
0.013490
0.014122
0.013016
0.014122
0.013163
0.013239
0.013212
0.012803
0.012556
0.013170
0.013130
0.012756
0.012990
0.013100
0.013414
0.015113
0.012347
0.012750
0.012715
0.012659
0.012064
0.013994
0.013096
0.013083
0.010656
0.012741
0.012892
0.013121
0.013028
0.013178
0.013075
0.012591
0.013640
0.013626
0.013502
0.012188
0.013928
0.014113
0.015132
0.013886
0.012067
0.010462
0.009517
0.011343
0.011771
0.011315
0.011302
0.012602
0.011889
0.011697
0.011655
0.012045
0.014393
0.014321
0.013702
0.011422
0.013589
0.014238
0.014052
0.014160
0.013847
0.014071
0.012685
0.012725
0.013563
0.012327
0.011745
0.011754
0.012030
0.011703
0.011823
0.012566
0.011302
0.011091
0.012875
0.023425
0.010385
0.011537
0.011693
0.012170
0.010986
0.011642
0.011038
0.010481
0.010674
0.010901
0.023278
0.010850
0.011325
0.011022
0.011938
0.011852
0.011614
0.010297
0.011277
0.011351
0.011451
0.009786
0.011518
0.017377
0.011135
0.011632
0.009576
0.010863
0.010457
0.009796
0.010074
0.009998
0.010238
0.010211
0.009657
0.016030
0.009062
0.009403
0.010013
0.021308
0.010355
0.009533
0.009843
0.010460
0.011035
0.010249
0.042316
0.009747
0.021948
0.010537
0.009218
0.009321
0.010195
0.010524
0.010297
0.009723
0.010311
0.009848
0.019833
0.009145
0.015640
0.009456
0.009561
0.020961
0.009933
0.033303
0.009984
0.008847
0.018211
0.009742
0.009974
0.009729
0.012090
0.014821
0.009849
0.009677
0.011269
0.017867
0.019106
0.011300
0.011510
0.019636
0.011309
0.011230
0.008382
0.011001
0.014996
0.010687
0.032329
0.013364
0.013260
0.013490
0.025860
0.039975
0.012361
0.019293
0.008931
0.038066
0.028500
0.044598
0.008916
0.017945
0.009006
0.008699
0.010023
0.008321
0.019343
0.010836
0.008266
0.010842
0.011224
0.011717
0.049163
0.009085
0.056061
0.011317
0.041483
0.016191
0.020127
0.013575
0.013712
0.045747
0.014115
0.025494
0.013870
0.012785
0.021804
0.027907
0.009504
0.050320
0.009205
0.025823
0.036842
0.010464
0.026819
0.018095
0.019654
0.011400
0.013945
0.024358
0.013453
0.012529
0.012423
0.017345
0.013401
0.024467
0.016094
0.050824
0.025186
0.008489
0.009326
0.015124
0.009286
0.008614
0.007692
0.023592
0.011945
0.030517
0.011827
0.028880
0.017846
0.013130
0.012760
0.028423
0.032162
0.016600
0.026173
0.008591
0.054505
0.019045
0.030617
0.043529
0.008316
0.046837
0.008131
0.020730
0.019078
0.012373
0.018994
0.042622
0.012882
0.012247
0.055096
0.024026
0.012534
0.048704
0.020044
0.043266
0.026244
0.021665
0.008501
0.042385
0.009292
0.025831
0.016467
0.038510
0.021190
0.031181
0.017869
0.016119
0.019398
0.027142
0.024651
0.019637
0.013798
0.040744
0.020559
0.017688
0.023847
0.011305
0.035063
0.015740
0.039785
0.047296
0.015638
0.024042
0.042127
0.021316
0.045879
0.021151
0.030288
0.024653
0.045207
0.017003
0.021854
0.036146
0.015800
0.021162
0.064646
0.017597
0.025876
0.042200
0.024346
0.042276
0.024207
0.024929
0.048999
0.023078
0.033466
0.023537
0.027238
0.022989
0.042191
0.031417
0.025446
0.023047
0.045081
0.026509
0.019056
0.026068
0.033535
0.021291
0.023758
0.029783
0.019897
0.022454
0.019700
0.017805
0.021478
0.041277
0.048486
0.027427
0.038428
0.024051
0.041392
0.042721
0.022034
0.027909
0.024885
0.036761
0.045545
0.044188
0.035225
0.041075
0.026077
0.067520
