11.154584
11.201408
11.749006
11.117022
11.502550
11.968211
11.419253
11.355589
11.421946
11.301461
5.762804
5.760426
5.772104
5.727973
5.814859
5.735763
5.729633
5.794463
5.807763
5.805061
3.893398
3.873751
3.875000
3.883805
3.861630
3.873500
3.865274
3.863113
3.862773
3.874736
2.992289
2.961095
2.961256
2.941534
2.925518
2.924911
2.891014
2.934649
3.089136
2.955922
2.631188
2.547138
2.608405
2.530639
2.520149
2.544743
2.514330
2.655696
2.817238
2.546595
2.187782
2.125641
2.106244
2.112650
2.096709
2.314009
2.117838
2.394790
2.135764
2.147906
2.009577
1.966874
1.970901
2.204315
1.926559
2.212965
1.980377
2.237875
2.165478
2.040084
1.788560
1.861821
1.807460
1.953028
1.833904
1.748661
1.828091
1.790552
1.786206
1.747802
1.773464
1.905081
1.762342
1.847880
1.760144
1.751755
1.775711
1.894611
1.944751
1.750108
1.561840
1.597223
1.719975
1.700788
1.568881
1.604692
1.556050
1.595316
1.760867
1.586760
1.624217
1.616336
1.624226
1.626079
1.602084
1.615829
1.616096
1.618790
1.631277
1.662640
1.512549
1.468521
1.440637
1.520824
1.461738
1.493215
1.457598
1.500197
1.454959
1.484186
1.508741
1.493519
1.515241
1.467115
1.461469
1.455225
1.458724
1.525658
1.492016
1.549579
1.374549
1.333874
1.395215
1.402278
1.366212
1.429109
1.379836
1.426955
1.388015
1.461615
1.455497
1.364373
1.414211
1.454820
1.448459
1.437596
1.340108
1.427789
1.360022
1.465222
1.318487
1.394582
1.476962
1.336058
1.340975
1.383409
1.368575
1.511760
1.286398
1.357926
1.411659
1.377190
1.302517
1.396586
1.669660
1.484732
1.275542
1.253364
1.238527
1.493617
1.290365
1.306069
1.442451
1.296107
1.617788
1.522145
1.379761
1.381522
1.394445
1.394608
1.322387
1.216919
1.827570
1.438886
1.261522
2.016053
1.464896
1.393995
1.403008
1.393505
1.273731
1.310192
1.497552
1.290801
1.289590
1.276316
1.520084
1.381956
1.379296
1.383792
1.205681
1.307662
1.451588
1.226593
1.634715
1.486992
1.432805
1.447600
1.450791
2.016063
1.447861
1.316718
1.276723
1.315052
1.301911
1.298181
1.277101
1.345259
1.307751
1.578388
1.267581
1.324335
1.431918
1.394025
1.362584
1.269646
1.266704
1.429467
1.353002
1.338688
1.500420
1.399974
1.268996
1.527923
1.479260
1.267429
1.259414
1.389553
1.221434
1.345018
1.291653
1.210385
1.349299
1.202533
1.140613
1.137076
1.237913
1.659928
1.206205
1.206831
1.203135
1.129845
1.085830
1.484648
1.212948
1.570866
1.366347
1.272763
1.398482
1.225659
1.252893
1.301129
1.202018
1.341554
1.664649
1.219604
1.162518
1.214816
1.213586
1.227067
1.284591
1.126434
1.621995
1.377358
1.516395
1.123672
1.220541
1.811620
1.290698
1.872340
1.192086
1.183181
1.102993
1.029778
1.210817
1.791871
1.426868
1.294548
1.498265
1.219518
1.229307
1.104100
1.097476
1.120390
1.401143
1.143412
1.456607
1.515628
1.025100
1.525735
1.304057
1.458450
1.285037
1.158729
1.170811
1.348642
1.288206
1.191901
1.456350
1.222155
1.124459
1.130474
1.317443
1.211968
1.114137
1.378763
1.067937
1.674715
1.150843
1.018994
1.156830
1.112184
1.115550
1.037919
0.964506
1.174473
1.096456
1.110774
1.035738
1.395987
1.203507
1.402887
1.123773
1.013168
0.995576
1.347037
1.621766
1.192831
1.548820
1.085118
1.113142
1.414465
1.409358
1.174655
0.932885
1.072541
1.321688
1.124157
1.327093
1.148255
1.009972
1.500470
1.176397
1.717178
0.877595
1.121015
1.377848
1.006072
1.020112
0.970943
0.934655
1.005232
1.550057
1.095520
1.362598
1.190652
1.305204
1.032765
0.942813
1.046807
1.173277
1.004355
1.025907
1.158085
1.294881
1.155233
1.086084
0.971917
1.006070
1.304566
1.044232
1.274400
1.048289
1.070410
0.936331
1.160394
0.944872
0.999981
1.147072
1.037535
1.009013
1.107266
1.247788
1.033602
1.587981
1.019958
1.521133
1.081416
0.959003
1.128781
0.996624
1.589606
1.146397
0.958481
1.216878
1.434474
1.059978
1.132096
1.026700
1.015913
1.267055
0.996108
1.038916
1.092604
1.058956
1.038158
1.130342
0.931031
0.992914
1.034438
1.142079
1.115489
0.981874
1.113414
0.934554
0.920184
0.858911
1.275906
0.861143
0.925062
1.047352
0.905770
1.039491
1.187069
1.033389
0.906259
1.071573
0.959971
0.946567
1.132690
0.932957
1.060905
1.258409
1.051718
0.944578
1.223781
0.874133
1.238117
1.202575
1.011582
1.300238
0.897094
1.285900
1.069733
0.902383
1.139537
0.983821
1.033906
1.121427
0.900958
1.003831
0.991202
1.127601
0.937080
0.947733
0.991756
1.159264
0.998131
0.982317
1.044654
1.000350
1.034885
0.936972
1.038859
0.931249
1.249128
0.887173
1.096416
1.043005
0.966616
1.335842
0.933901
1.085039
1.132342
1.152707
1.113596
1.184328
1.061597
1.044128
1.030003
1.225458
1.129069
1.362325
0.941113
0.945060
1.074481
1.074155
1.253161
1.224294
0.988221
1.210711
1.357516
1.034917
0.978200
1.050974
1.182216
1.061984
1.166950
1.250326
1.578019
1.047013
0.958883
1.067839
1.099348
1.057343
1.009492
1.144927
1.141704
1.130164
1.382656
1.018771
1.018170
1.098049
1.005341
1.072428
1.319277
1.152315
1.275119
1.021493
1.123347
1.122180
1.068612
1.293910
1.178288
1.090603
1.163640
1.105603
1.059195
1.088033
1.144609
1.095470
1.216456
1.223651
1.242316
1.107097
1.128008
1.072459
1.405547
0.972704
1.109630
1.578171
1.017116
1.584517
0.954837
1.022015
1.204041
1.164764
1.176085
1.051089
1.102797
